GameLevel {
  Level: 00 filas: 15
    00 { 0 0 0 0 0 9 9 9 0 0 0 0 0  }
    01 { 0 0 8 0 9 9 9 9 9 0 8 0 0  }
    02 { 0 8 8 0 8 8 9 8 8 0 8 8 0  }
    03 { 9 8 8 0 0 8 9 8 0 0 8 8 9  }
    04 { 9 9 8 8 0 8 9 8 0 8 8 9 9  }
    05 { 0 0 8 8 8 8 8 8 8 8 8 0 0  }
    06 { 0 0 0 8 0 8 9 8 0 8 0 0 0  }
    07 { 0 0 0 0 0 8 9 8 0 0 0 0 0  }
    08 { 0 0 0 0 0 8 9 8 0 0 0 0 0  }
    09 { 0 0 8 8 8 8 8 8 8 8 8 0 0  }
    10 { 8 8 0 8 8 8 8 8 8 8 0 8 8  }
    11 { 8 8 0 0 0 0 0 0 0 0 0 8 8  }
  Level: 01 filas: 15
    00 { 0 0 2 1 0 2 0 2 0 1 2 0 0  }
    01 { 0 0 2 1 0 2 0 2 0 1 2 0 0  }
    02 { 0 0 2 1 0 2 2 2 0 1 2 0 0  }
    03 { 0 2 1 1 2 0 0 0 2 1 1 2 0  }
    04 { 2 1 1 1 2 0 0 0 2 1 1 1 2  }
    05 { 2 1 3 1 2 2 0 2 2 1 3 1 2  }
    06 { 2 1 3 1 2 2 0 2 2 1 3 1 2  }
    07 { 2 1 3 1 2 0 0 0 2 1 3 1 2  }
    08 { 2 2 1 1 2 0 0 0 2 1 1 2 0  }
    09 { 0 2 1 1 0 2 2 2 0 1 1 2 0  }
    10 { 0 0 2 1 0 0 2 0 0 1 2 0 0  }
    11 { 0 0 0 0 0 0 0 0 0 0 0 0 0  }
  Level: 02 filas: 15
    00 { 0 0 3 0 0 0 0 0 0 0 0 3 0  }
    01 { 0 0 3 5 5 5 5 5 5 5 5 3 0  }
    02 { 0 0 3 3 0 0 3 0 3 0 3 3 0  }
    03 { 0 3 3 3 3 0 3 3 0 3 3 3 0  }
    04 { 0 3 3 0 3 5 5 5 5 3 3 3 0  }
    05 { 0 3 3 0 6 5 3 3 5 6 3 6 0  }
    06 { 0 6 6 0 6 5 3 3 5 6 6 6 0  }
    07 { 0 6 6 0 6 5 3 3 5 6 6 6 0  }
    08 { 0 0 0 0 6 3 3 3 3 6 0 0 0  }
    09 { 0 0 0 3 3 3 5 5 3 3 0 0 0  }
    10 { 0 3 3 3 0 0 5 5 0 3 3 0 0  }
    11 { 3 3 3 0 0 0 5 5 0 0 3 3 3  }
  Level: 03 filas: 15
    00 { 0 0 0 0 0 0 0 0 0 0 0 0 0  }
    01 { 0 3 0 0 0 3 3 3 0 0 0 3 0  }
    02 { 0 3 2 2 3 3 0 3 3 2 2 3 0  }
    03 { 2 3 2 3 3 0 0 0 3 3 2 3 2  }
    04 { 0 3 2 3 3 0 0 0 3 3 2 3 0  }
    05 { 2 3 3 3 3 2 0 2 3 3 3 3 2  }
    06 { 3 2 2 2 3 3 0 3 3 2 2 2 3  }
    07 { 3 2 3 3 3 0 0 0 3 3 3 2 3  }
    08 { 2 3 3 3 3 0 0 0 3 3 3 3 2  }
    09 { 0 3 2 3 3 2 0 2 3 3 2 3 0  }
    10 { 0 3 2 2 0 3 0 3 0 2 2 3 0  }
    11 { 3 3 3 0 0 0 0 0 0 0 3 3 3  }
  Level: 04 filas: 15
    00 { 0 0 0 0 0 0 0 0 0 0 0 0 0  }
    01 { 7 0 7 0 0 6 6 6 0 0 7 0 7  }
    02 { 7 8 8 8 0 6 8 6 0 8 8 8 7  }
    03 { 7 0 7 0 6 6 6 6 6 0 7 0 7  }
    04 { 7 0 7 6 8 6 6 6 8 6 7 0 7  }
    05 { 7 6 7 6 8 6 6 6 8 6 7 6 7  }
    06 { 7 6 7 6 8 8 6 8 8 6 7 6 7  }
    07 { 7 0 7 6 6 6 6 6 6 6 7 0 7  }
    08 { 7 0 7 0 6 6 6 6 6 0 7 0 7  }
    09 { 7 8 8 8 0 6 8 6 0 8 8 8 7  }
    10 { 7 0 0 0 0 6 6 6 0 0 0 0 7  }
    11 { 0 0 0 0 0 0 0 0 0 0 0 0 0  }
  Level: 05 filas: 15
    00 { 0 0 0 0 0 0 0 0 0 0 0 0 0  }
    01 { 0 0 0 0 0 0 0 0 0 0 0 0 0  }
    02 { 0 0 0 0 0 0 0 0 0 0 0 0 0  }
    03 { 0 0 0 0 0 0 0 0 0 0 0 0 0  }
    04 { 0 0 0 0 0 0 0 0 0 0 0 0 0  }
    05 { 0 0 0 0 0 0 0 0 0 0 0 0 0  }
    06 { 0 0 0 0 0 0 0 0 0 0 0 0 0  }
    07 { 0 0 0 0 0 0 0 0 0 0 0 0 0  }
    08 { 0 0 0 0 0 0 0 0 0 0 0 0 0  }
    09 { 0 0 0 0 0 0 0 0 0 0 0 0 0  }
    10 { 0 0 0 0 0 0 0 0 0 0 0 0 0  }
    11 { 0 0 0 0 0 0 0 0 0 0 0 0 0  }
  Level: 06 filas: 15
    00 { 0 0 0 0 0 0 0 0 0 0 0 0 0  }
    01 { 0 0 0 0 0 0 0 0 0 0 0 0 0  }
    02 { 0 0 0 0 0 0 0 0 0 0 0 0 0  }
    03 { 0 0 0 0 0 0 0 0 0 0 0 0 0  }
    04 { 0 0 0 0 0 0 0 0 0 0 0 0 0  }
    05 { 0 0 0 0 0 0 0 0 0 0 0 0 0  }
    06 { 0 0 0 0 0 0 0 0 0 0 0 0 0  }
    07 { 0 0 0 0 0 0 0 0 0 0 0 0 0  }
    08 { 0 0 0 0 0 0 0 0 0 0 0 0 0  }
    09 { 0 0 0 0 0 0 0 0 0 0 0 0 0  }
    10 { 0 0 0 0 0 0 0 0 0 0 0 0 0  }
    11 { 0 0 0 0 0 0 0 0 0 0 0 0 0  }
  Level: 07 filas: 15
    00 { 0 0 0 0 0 0 0 0 0 0 0 0 0  }
    01 { 0 0 0 0 0 0 0 0 0 0 0 0 0  }
    02 { 0 0 0 0 0 0 0 0 0 0 0 0 0  }
    03 { 0 0 0 0 0 0 0 0 0 0 0 0 0  }
    04 { 0 0 0 0 0 0 0 0 0 0 0 0 0  }
    05 { 0 0 0 0 0 0 0 0 0 0 0 0 0  }
    06 { 0 0 0 0 0 0 0 0 0 0 0 0 0  }
    07 { 0 0 0 0 0 0 0 0 0 0 0 0 0  }
    08 { 0 0 0 0 0 0 0 0 0 0 0 0 0  }
    09 { 0 0 0 0 0 0 0 0 0 0 0 0 0  }
    10 { 0 0 0 0 0 0 0 0 0 0 0 0 0  }
    11 { 0 0 0 0 0 0 0 0 0 0 0 0 0  }
  Level: 08 filas: 15
    00 { 0 0 0 0 0 0 0 0 0 0 0 0 0  }
    01 { 0 0 0 0 0 0 0 0 0 0 0 0 0  }
    02 { 0 0 0 0 0 0 0 0 0 0 0 0 0  }
    03 { 0 0 0 0 0 0 0 0 0 0 0 0 0  }
    04 { 0 0 0 0 0 0 0 0 0 0 0 0 0  }
    05 { 0 0 0 0 0 0 0 0 0 0 0 0 0  }
    06 { 0 0 0 0 0 0 0 0 0 0 0 0 0  }
    07 { 0 0 0 0 0 0 0 0 0 0 0 0 0  }
    08 { 0 0 0 0 0 0 0 0 0 0 0 0 0  }
    09 { 0 0 0 0 0 0 0 0 0 0 0 0 0  }
    10 { 0 0 0 0 0 0 0 0 0 0 0 0 0  }
    11 { 0 0 0 0 0 0 0 0 0 0 0 0 0  }
  Level: 09 filas: 15
    00 { 0 0 0 0 0 0 0 0 0 0 0 0 0  }
    01 { 0 0 0 0 0 0 0 0 0 0 0 0 0  }
    02 { 0 0 0 0 0 0 0 0 0 0 0 0 0  }
    03 { 0 0 0 0 0 0 0 0 0 0 0 0 0  }
    04 { 0 0 0 0 0 0 0 0 0 0 0 0 0  }
    05 { 0 0 0 0 0 0 0 0 0 0 0 0 0  }
    06 { 0 0 0 0 0 0 0 0 0 0 0 0 0  }
    07 { 0 0 0 0 0 0 0 0 0 0 0 0 0  }
    08 { 0 0 0 0 0 0 0 0 0 0 0 0 0  }
    09 { 0 0 0 0 0 0 0 0 0 0 0 0 0  }
    10 { 0 0 0 0 0 0 0 0 0 0 0 0 0  }
    11 { 0 0 0 0 0 0 0 0 0 0 0 0 0  }
  Level: 10 filas: 15
    00 { 0 0 0 0 0 0 0 0 0 0 0 0 0  }
    01 { 0 0 0 0 0 0 0 0 0 0 0 0 0  }
    02 { 0 0 0 0 0 0 0 0 0 0 0 0 0  }
    03 { 0 0 0 0 0 0 0 0 0 0 0 0 0  }
    04 { 0 0 0 0 0 0 0 0 0 0 0 0 0  }
    05 { 0 0 0 0 0 0 0 0 0 0 0 0 0  }
    06 { 0 0 0 0 0 0 0 0 0 0 0 0 0  }
    07 { 0 0 0 0 0 0 0 0 0 0 0 0 0  }
    08 { 0 0 0 0 0 0 0 0 0 0 0 0 0  }
    09 { 0 0 0 0 0 0 0 0 0 0 0 0 0  }
    10 { 0 0 0 0 0 0 0 0 0 0 0 0 0  }
    11 { 0 0 0 0 0 0 0 0 0 0 0 0 0  }
  Level: 11 filas: 15
    00 { 0 0 0 0 0 0 0 0 0 0 0 0 0  }
    01 { 0 0 0 0 0 0 0 0 0 0 0 0 0  }
    02 { 0 0 0 0 0 0 0 0 0 0 0 0 0  }
    03 { 0 0 0 0 0 0 0 0 0 0 0 0 0  }
    04 { 0 0 0 0 0 0 0 0 0 0 0 0 0  }
    05 { 0 0 0 0 0 0 0 0 0 0 0 0 0  }
    06 { 0 0 0 0 0 0 0 0 0 0 0 0 0  }
    07 { 0 0 0 0 0 0 0 0 0 0 0 0 0  }
    08 { 0 0 0 0 0 0 0 0 0 0 0 0 0  }
    09 { 0 0 0 0 0 0 0 0 0 0 0 0 0  }
    10 { 0 0 0 0 0 0 0 0 0 0 0 0 0  }
    11 { 0 0 0 0 0 0 0 0 0 0 0 0 0  }
  Level: 12 filas: 15
    00 { 0 0 0 0 0 0 0 0 0 0 0 0 0  }
    01 { 0 0 0 0 0 0 0 0 0 0 0 0 0  }
    02 { 0 0 0 0 0 0 0 0 0 0 0 0 0  }
    03 { 0 0 0 0 0 0 0 0 0 0 0 0 0  }
    04 { 0 0 0 0 0 0 0 0 0 0 0 0 0  }
    05 { 0 0 0 0 0 0 0 0 0 0 0 0 0  }
    06 { 0 0 0 0 0 0 0 0 0 0 0 0 0  }
    07 { 0 0 0 0 0 0 0 0 0 0 0 0 0  }
    08 { 0 0 0 0 0 0 0 0 0 0 0 0 0  }
    09 { 0 0 0 0 0 0 0 0 0 0 0 0 0  }
    10 { 0 0 0 0 0 0 0 0 0 0 0 0 0  }
    11 { 0 0 0 0 0 0 0 0 0 0 0 0 0  }
  Level: 13 filas: 15
    00 { 0 0 0 0 0 0 0 0 0 0 0 0 0  }
    01 { 0 0 0 0 0 0 0 0 0 0 0 0 0  }
    02 { 0 0 0 0 0 0 0 0 0 0 0 0 0  }
    03 { 0 0 0 0 0 0 0 0 0 0 0 0 0  }
    04 { 0 0 0 0 0 0 0 0 0 0 0 0 0  }
    05 { 0 0 0 0 0 0 0 0 0 0 0 0 0  }
    06 { 0 0 0 0 0 0 0 0 0 0 0 0 0  }
    07 { 0 0 0 0 0 0 0 0 0 0 0 0 0  }
    08 { 0 0 0 0 0 0 0 0 0 0 0 0 0  }
    09 { 0 0 0 0 0 0 0 0 0 0 0 0 0  }
    10 { 0 0 0 0 0 0 0 0 0 0 0 0 0  }
    11 { 0 0 0 0 0 0 0 0 0 0 0 0 0  }
  Level: 14 filas: 15
    00 { 0 0 0 0 0 0 0 0 0 0 0 0 0  }
    01 { 0 0 0 0 0 0 0 0 0 0 0 0 0  }
    02 { 0 0 0 0 0 0 0 0 0 0 0 0 0  }
    03 { 0 0 0 0 0 0 0 0 0 0 0 0 0  }
    04 { 0 0 0 0 0 0 0 0 0 0 0 0 0  }
    05 { 0 0 0 0 0 0 0 0 0 0 0 0 0  }
    06 { 0 0 0 0 0 0 0 0 0 0 0 0 0  }
    07 { 0 0 0 0 0 0 0 0 0 0 0 0 0  }
    08 { 0 0 0 0 0 0 0 0 0 0 0 0 0  }
    09 { 0 0 0 0 0 0 0 0 0 0 0 0 0  }
    10 { 0 0 0 0 0 0 0 0 0 0 0 0 0  }
    11 { 0 0 0 0 0 0 0 0 0 0 0 0 0  }
  Level: 15 filas: 15
    00 { 0 0 0 0 0 0 0 0 0 0 0 0 0  }
    01 { 0 0 0 0 0 0 0 0 0 0 0 0 0  }
    02 { 0 0 0 0 0 0 0 0 0 0 0 0 0  }
    03 { 0 0 0 0 0 0 0 0 0 0 0 0 0  }
    04 { 0 0 0 0 0 0 0 0 0 0 0 0 0  }
    05 { 0 0 0 0 0 0 0 0 0 0 0 0 0  }
    06 { 0 0 0 0 0 0 0 0 0 0 0 0 0  }
    07 { 0 0 0 0 0 0 0 0 0 0 0 0 0  }
    08 { 0 0 0 0 0 0 0 0 0 0 0 0 0  }
    09 { 0 0 0 0 0 0 0 0 0 0 0 0 0  }
    10 { 0 0 0 0 0 0 0 0 0 0 0 0 0  }
    11 { 0 0 0 0 0 0 0 0 0 0 0 0 0  }
  Level: 16 filas: 15
    00 { 0 0 0 0 0 0 0 0 0 0 0 0 0  }
    01 { 0 0 0 0 0 0 0 0 0 0 0 0 0  }
    02 { 0 0 0 0 0 0 0 0 0 0 0 0 0  }
    03 { 0 0 0 0 0 0 0 0 0 0 0 0 0  }
    04 { 0 0 0 0 0 0 0 0 0 0 0 0 0  }
    05 { 0 0 0 0 0 0 0 0 0 0 0 0 0  }
    06 { 0 0 0 0 0 0 0 0 0 0 0 0 0  }
    07 { 0 0 0 0 0 0 0 0 0 0 0 0 0  }
    08 { 0 0 0 0 0 0 0 0 0 0 0 0 0  }
    09 { 0 0 0 0 0 0 0 0 0 0 0 0 0  }
    10 { 0 0 0 0 0 0 0 0 0 0 0 0 0  }
    11 { 0 0 0 0 0 0 0 0 0 0 0 0 0  }
  Level: 17 filas: 15
    00 { 0 0 0 0 0 0 0 0 0 0 0 0 0  }
    01 { 0 0 0 0 0 0 0 0 0 0 0 0 0  }
    02 { 0 0 0 0 0 0 0 0 0 0 0 0 0  }
    03 { 0 0 0 0 0 0 0 0 0 0 0 0 0  }
    04 { 0 0 0 0 0 0 0 0 0 0 0 0 0  }
    05 { 0 0 0 0 0 0 0 0 0 0 0 0 0  }
    06 { 0 0 0 0 0 0 0 0 0 0 0 0 0  }
    07 { 0 0 0 0 0 0 0 0 0 0 0 0 0  }
    08 { 0 0 0 0 0 0 0 0 0 0 0 0 0  }
    09 { 0 0 0 0 0 0 0 0 0 0 0 0 0  }
    10 { 0 0 0 0 0 0 0 0 0 0 0 0 0  }
    11 { 0 0 0 0 0 0 0 0 0 0 0 0 0  }
  Level: 18 filas: 15
    00 { 0 0 0 0 0 0 0 0 0 0 0 0 0  }
    01 { 0 0 0 0 0 0 0 0 0 0 0 0 0  }
    02 { 0 0 0 0 0 0 0 0 0 0 0 0 0  }
    03 { 0 0 0 0 0 0 0 0 0 0 0 0 0  }
    04 { 0 0 0 0 0 0 0 0 0 0 0 0 0  }
    05 { 0 0 0 0 0 0 0 0 0 0 0 0 0  }
    06 { 0 0 0 0 0 0 0 0 0 0 0 0 0  }
    07 { 0 0 0 0 0 0 0 0 0 0 0 0 0  }
    08 { 0 0 0 0 0 0 0 0 0 0 0 0 0  }
    09 { 0 0 0 0 0 0 0 0 0 0 0 0 0  }
    10 { 0 0 0 0 0 0 0 0 0 0 0 0 0  }
    11 { 0 0 0 0 0 0 0 0 0 0 0 0 0  }
  Level: 19 filas: 15
    00 { 0 0 0 0 0 0 0 0 0 0 0 0 0  }
    01 { 0 0 0 0 0 0 0 0 0 0 0 0 0  }
    02 { 0 0 0 0 0 0 0 0 0 0 0 0 0  }
    03 { 0 0 0 0 0 0 0 0 0 0 0 0 0  }
    04 { 0 0 0 0 0 0 0 0 0 0 0 0 0  }
    05 { 0 0 0 0 0 0 0 0 0 0 0 0 0  }
    06 { 0 0 0 0 0 0 0 0 0 0 0 0 0  }
    07 { 0 0 0 0 0 0 0 0 0 0 0 0 0  }
    08 { 0 0 0 0 0 0 0 0 0 0 0 0 0  }
    09 { 0 0 0 0 0 0 0 0 0 0 0 0 0  }
    10 { 0 0 0 0 0 0 0 0 0 0 0 0 0  }
    11 { 0 0 0 0 0 0 0 0 0 0 0 0 0  }
  Level: 20 filas: 15
    00 { 0 0 0 0 0 0 0 0 0 0 0 0 0  }
    01 { 0 0 0 0 0 0 0 0 0 0 0 0 0  }
    02 { 0 0 0 0 0 0 0 0 0 0 0 0 0  }
    03 { 0 0 0 0 0 0 0 0 0 0 0 0 0  }
    04 { 0 0 0 0 0 0 0 0 0 0 0 0 0  }
    05 { 0 0 0 0 0 0 0 0 0 0 0 0 0  }
    06 { 0 0 0 0 0 0 0 0 0 0 0 0 0  }
    07 { 0 0 0 0 0 0 0 0 0 0 0 0 0  }
    08 { 0 0 0 0 0 0 0 0 0 0 0 0 0  }
    09 { 0 0 0 0 0 0 0 0 0 0 0 0 0  }
    10 { 0 0 0 0 0 0 0 0 0 0 0 0 0  }
    11 { 0 0 0 0 0 0 0 0 0 0 0 0 0  }
  Level: 21 filas: 15
    00 { 0 0 0 0 0 0 0 0 0 0 0 0 0  }
    01 { 0 0 0 0 0 0 0 0 0 0 0 0 0  }
    02 { 0 0 0 0 0 0 0 0 0 0 0 0 0  }
    03 { 0 0 0 0 0 0 0 0 0 0 0 0 0  }
    04 { 0 0 0 0 0 0 0 0 0 0 0 0 0  }
    05 { 0 0 0 0 0 0 0 0 0 0 0 0 0  }
    06 { 0 0 0 0 0 0 0 0 0 0 0 0 0  }
    07 { 0 0 0 0 0 0 0 0 0 0 0 0 0  }
    08 { 0 0 0 0 0 0 0 0 0 0 0 0 0  }
    09 { 0 0 0 0 0 0 0 0 0 0 0 0 0  }
    10 { 0 0 0 0 0 0 0 0 0 0 0 0 0  }
    11 { 0 0 0 0 0 0 0 0 0 0 0 0 0  }
  Level: 22 filas: 15
    00 { 0 0 0 0 0 0 0 0 0 0 0 0 0  }
    01 { 0 0 0 0 0 0 0 0 0 0 0 0 0  }
    02 { 0 0 0 0 0 0 0 0 0 0 0 0 0  }
    03 { 0 0 0 0 0 0 0 0 0 0 0 0 0  }
    04 { 0 0 0 0 0 0 0 0 0 0 0 0 0  }
    05 { 0 0 0 0 0 0 0 0 0 0 0 0 0  }
    06 { 0 0 0 0 0 0 0 0 0 0 0 0 0  }
    07 { 0 0 0 0 0 0 0 0 0 0 0 0 0  }
    08 { 0 0 0 0 0 0 0 0 0 0 0 0 0  }
    09 { 0 0 0 0 0 0 0 0 0 0 0 0 0  }
    10 { 0 0 0 0 0 0 0 0 0 0 0 0 0  }
    11 { 0 0 0 0 0 0 0 0 0 0 0 0 0  }
  Level: 23 filas: 15
    00 { 0 0 0 0 0 0 0 0 0 0 0 0 0  }
    01 { 0 0 0 0 0 0 0 0 0 0 0 0 0  }
    02 { 0 0 0 0 0 0 0 0 0 0 0 0 0  }
    03 { 0 0 0 0 0 0 0 0 0 0 0 0 0  }
    04 { 0 0 0 0 0 0 0 0 0 0 0 0 0  }
    05 { 0 0 0 0 0 0 0 0 0 0 0 0 0  }
    06 { 0 0 0 0 0 0 0 0 0 0 0 0 0  }
    07 { 0 0 0 0 0 0 0 0 0 0 0 0 0  }
    08 { 0 0 0 0 0 0 0 0 0 0 0 0 0  }
    09 { 0 0 0 0 0 0 0 0 0 0 0 0 0  }
    10 { 0 0 0 0 0 0 0 0 0 0 0 0 0  }
    11 { 0 0 0 0 0 0 0 0 0 0 0 0 0  }
  Level: 24 filas: 15
    00 { 0 0 0 0 0 0 0 0 0 0 0 0 0  }
    01 { 0 0 0 0 0 0 0 0 0 0 0 0 0  }
    02 { 0 0 0 0 0 0 0 0 0 0 0 0 0  }
    03 { 0 0 0 0 0 0 0 0 0 0 0 0 0  }
    04 { 0 0 0 0 0 0 0 0 0 0 0 0 0  }
    05 { 0 0 0 0 0 0 0 0 0 0 0 0 0  }
    06 { 0 0 0 0 0 0 0 0 0 0 0 0 0  }
    07 { 0 0 0 0 0 0 0 0 0 0 0 0 0  }
    08 { 0 0 0 0 0 0 0 0 0 0 0 0 0  }
    09 { 0 0 0 0 0 0 0 0 0 0 0 0 0  }
    10 { 0 0 0 0 0 0 0 0 0 0 0 0 0  }
    11 { 0 0 0 0 0 0 0 0 0 0 0 0 0  }
  Level: 25 filas: 15
    00 { 0 0 0 0 0 0 0 0 0 0 0 0 0  }
    01 { 0 0 0 0 0 0 0 0 0 0 0 0 0  }
    02 { 0 0 0 0 0 0 0 0 0 0 0 0 0  }
    03 { 0 0 0 0 0 0 0 0 0 0 0 0 0  }
    04 { 0 0 0 0 0 0 0 0 0 0 0 0 0  }
    05 { 0 0 0 0 0 0 0 0 0 0 0 0 0  }
    06 { 0 0 0 0 0 0 0 0 0 0 0 0 0  }
    07 { 0 0 0 0 0 0 0 0 0 0 0 0 0  }
    08 { 0 0 0 0 0 0 0 0 0 0 0 0 0  }
    09 { 0 0 0 0 0 0 0 0 0 0 0 0 0  }
    10 { 0 0 0 0 0 0 0 0 0 0 0 0 0  }
    11 { 0 0 0 0 0 0 0 0 0 0 0 0 0  }
  Level: 26 filas: 15
    00 { 0 0 0 0 0 0 0 0 0 0 0 0 0  }
    01 { 0 0 0 0 0 0 0 0 0 0 0 0 0  }
    02 { 0 0 0 0 0 0 0 0 0 0 0 0 0  }
    03 { 0 0 0 0 0 0 0 0 0 0 0 0 0  }
    04 { 0 0 0 0 0 0 0 0 0 0 0 0 0  }
    05 { 0 0 0 0 0 0 0 0 0 0 0 0 0  }
    06 { 0 0 0 0 0 0 0 0 0 0 0 0 0  }
    07 { 0 0 0 0 0 0 0 0 0 0 0 0 0  }
    08 { 0 0 0 0 0 0 0 0 0 0 0 0 0  }
    09 { 0 0 0 0 0 0 0 0 0 0 0 0 0  }
    10 { 0 0 0 0 0 0 0 0 0 0 0 0 0  }
    11 { 0 0 0 0 0 0 0 0 0 0 0 0 0  }
  Level: 27 filas: 15
    00 { 0 0 0 0 0 0 0 0 0 0 0 0 0  }
    01 { 0 0 0 0 0 0 0 0 0 0 0 0 0  }
    02 { 0 0 0 0 0 0 0 0 0 0 0 0 0  }
    03 { 0 0 0 0 0 0 0 0 0 0 0 0 0  }
    04 { 0 0 0 0 0 0 0 0 0 0 0 0 0  }
    05 { 0 0 0 0 0 0 0 0 0 0 0 0 0  }
    06 { 0 0 0 0 0 0 0 0 0 0 0 0 0  }
    07 { 0 0 0 0 0 0 0 0 0 0 0 0 0  }
    08 { 0 0 0 0 0 0 0 0 0 0 0 0 0  }
    09 { 0 0 0 0 0 0 0 0 0 0 0 0 0  }
    10 { 0 0 0 0 0 0 0 0 0 0 0 0 0  }
    11 { 0 0 0 0 0 0 0 0 0 0 0 0 0  }
  Level: 28 filas: 15
    00 { 0 0 0 0 0 0 0 0 0 0 0 0 0  }
    01 { 0 0 0 0 0 0 0 0 0 0 0 0 0  }
    02 { 0 0 0 0 0 0 0 0 0 0 0 0 0  }
    03 { 0 0 0 0 0 0 0 0 0 0 0 0 0  }
    04 { 0 0 0 0 0 0 0 0 0 0 0 0 0  }
    05 { 0 0 0 0 0 0 0 0 0 0 0 0 0  }
    06 { 0 0 0 0 0 0 0 0 0 0 0 0 0  }
    07 { 0 0 0 0 0 0 0 0 0 0 0 0 0  }
    08 { 0 0 0 0 0 0 0 0 0 0 0 0 0  }
    09 { 0 0 0 0 0 0 0 0 0 0 0 0 0  }
    10 { 0 0 0 0 0 0 0 0 0 0 0 0 0  }
    11 { 0 0 0 0 0 0 0 0 0 0 0 0 0  }
  Level: 29 filas: 15
    00 { 0 0 0 0 0 0 0 0 0 0 0 0 0  }
    01 { 0 0 0 0 0 0 0 0 0 0 0 0 0  }
    02 { 0 0 0 0 0 0 0 0 0 0 0 0 0  }
    03 { 0 0 0 0 0 0 0 0 0 0 0 0 0  }
    04 { 0 0 0 0 0 0 0 0 0 0 0 0 0  }
    05 { 0 0 0 0 0 0 0 0 0 0 0 0 0  }
    06 { 0 0 0 0 0 0 0 0 0 0 0 0 0  }
    07 { 0 0 0 0 0 0 0 0 0 0 0 0 0  }
    08 { 0 0 0 0 0 0 0 0 0 0 0 0 0  }
    09 { 0 0 0 0 0 0 0 0 0 0 0 0 0  }
    10 { 0 0 0 0 0 0 0 0 0 0 0 0 0  }
    11 { 0 0 0 0 0 0 0 0 0 0 0 0 0  }
  Level: 30 filas: 15
    00 { 0 0 0 0 0 0 0 0 0 0 0 0 0  }
    01 { 0 0 0 0 0 0 0 0 0 0 0 0 0  }
    02 { 0 0 0 0 0 0 0 0 0 0 0 0 0  }
    03 { 0 0 0 0 0 0 0 0 0 0 0 0 0  }
    04 { 0 0 0 0 0 0 0 0 0 0 0 0 0  }
    05 { 0 0 0 0 0 0 0 0 0 0 0 0 0  }
    06 { 0 0 0 0 0 0 0 0 0 0 0 0 0  }
    07 { 0 0 0 0 0 0 0 0 0 0 0 0 0  }
    08 { 0 0 0 0 0 0 0 0 0 0 0 0 0  }
    09 { 0 0 0 0 0 0 0 0 0 0 0 0 0  }
    10 { 0 0 0 0 0 0 0 0 0 0 0 0 0  }
    11 { 0 0 0 0 0 0 0 0 0 0 0 0 0  }
  Level: 31 filas: 15
    00 { 0 0 0 0 0 0 0 0 0 0 0 0 0  }
    01 { 0 0 0 0 0 0 0 0 0 0 0 0 0  }
    02 { 0 0 0 0 0 0 0 0 0 0 0 0 0  }
    03 { 0 0 0 0 0 0 0 0 0 0 0 0 0  }
    04 { 0 0 0 0 0 0 0 0 0 0 0 0 0  }
    05 { 0 0 0 0 0 0 0 0 0 0 0 0 0  }
    06 { 0 0 0 0 0 0 0 0 0 0 0 0 0  }
    07 { 0 0 0 0 0 0 0 0 0 0 0 0 0  }
    08 { 0 0 0 0 0 0 0 0 0 0 0 0 0  }
    09 { 0 0 0 0 0 0 0 0 0 0 0 0 0  }
    10 { 0 0 0 0 0 0 0 0 0 0 0 0 0  }
    11 { 0 0 0 0 0 0 0 0 0 0 0 0 0  }
  Level: 32 filas: 15
    00 { 0 0 0 0 0 0 0 0 0 0 0 0 0  }
    01 { 0 0 0 0 0 0 0 0 0 0 0 0 0  }
    02 { 0 0 0 0 0 0 0 0 0 0 0 0 0  }
    03 { 0 0 0 0 0 0 0 0 0 0 0 0 0  }
    04 { 0 0 0 0 0 0 0 0 0 0 0 0 0  }
    05 { 0 0 0 0 0 0 0 0 0 0 0 0 0  }
    06 { 0 0 0 0 0 0 0 0 0 0 0 0 0  }
    07 { 0 0 0 0 0 0 0 0 0 0 0 0 0  }
    08 { 0 0 0 0 0 0 0 0 0 0 0 0 0  }
    09 { 0 0 0 0 0 0 0 0 0 0 0 0 0  }
    10 { 0 0 0 0 0 0 0 0 0 0 0 0 0  }
    11 { 0 0 0 0 0 0 0 0 0 0 0 0 0  }
  Level: 33 filas: 15
    00 { 0 0 0 0 0 0 0 0 0 0 0 0 0  }
    01 { 0 0 0 0 0 0 0 0 0 0 0 0 0  }
    02 { 0 0 0 0 0 0 0 0 0 0 0 0 0  }
    03 { 0 0 0 0 0 0 0 0 0 0 0 0 0  }
    04 { 0 0 0 0 0 0 0 0 0 0 0 0 0  }
    05 { 0 0 0 0 0 0 0 0 0 0 0 0 0  }
    06 { 0 0 0 0 0 0 0 0 0 0 0 0 0  }
    07 { 0 0 0 0 0 0 0 0 0 0 0 0 0  }
    08 { 0 0 0 0 0 0 0 0 0 0 0 0 0  }
    09 { 0 0 0 0 0 0 0 0 0 0 0 0 0  }
    10 { 0 0 0 0 0 0 0 0 0 0 0 0 0  }
    11 { 0 0 0 0 0 0 0 0 0 0 0 0 0  }
  Level: 34 filas: 15
    00 { 0 0 0 0 0 0 0 0 0 0 0 0 0  }
    01 { 0 0 0 0 0 0 0 0 0 0 0 0 0  }
    02 { 0 0 0 0 0 0 0 0 0 0 0 0 0  }
    03 { 0 0 0 0 0 0 0 0 0 0 0 0 0  }
    04 { 0 0 0 0 0 0 0 0 0 0 0 0 0  }
    05 { 0 0 0 0 0 0 0 0 0 0 0 0 0  }
    06 { 0 0 0 0 0 0 0 0 0 0 0 0 0  }
    07 { 0 0 0 0 0 0 0 0 0 0 0 0 0  }
    08 { 0 0 0 0 0 0 0 0 0 0 0 0 0  }
    09 { 0 0 0 0 0 0 0 0 0 0 0 0 0  }
    10 { 0 0 0 0 0 0 0 0 0 0 0 0 0  }
    11 { 0 0 0 0 0 0 0 0 0 0 0 0 0  }
  Level: 35 filas: 15
    00 { 0 0 0 0 0 0 0 0 0 0 0 0 0  }
    01 { 0 0 0 0 0 0 0 0 0 0 0 0 0  }
    02 { 0 0 0 0 0 0 0 0 0 0 0 0 0  }
    03 { 0 0 0 0 0 0 0 0 0 0 0 0 0  }
    04 { 0 0 0 0 0 0 0 0 0 0 0 0 0  }
    05 { 0 0 0 0 0 0 0 0 0 0 0 0 0  }
    06 { 0 0 0 0 0 0 0 0 0 0 0 0 0  }
    07 { 0 0 0 0 0 0 0 0 0 0 0 0 0  }
    08 { 0 0 0 0 0 0 0 0 0 0 0 0 0  }
    09 { 0 0 0 0 0 0 0 0 0 0 0 0 0  }
    10 { 0 0 0 0 0 0 0 0 0 0 0 0 0  }
    11 { 0 0 0 0 0 0 0 0 0 0 0 0 0  }
  Level: 36 filas: 15
    00 { 0 0 0 0 0 0 0 0 0 0 0 0 0  }
    01 { 0 0 0 0 0 0 0 0 0 0 0 0 0  }
    02 { 0 0 0 0 0 0 0 0 0 0 0 0 0  }
    03 { 0 0 0 0 0 0 0 0 0 0 0 0 0  }
    04 { 0 0 0 0 0 0 0 0 0 0 0 0 0  }
    05 { 0 0 0 0 0 0 0 0 0 0 0 0 0  }
    06 { 0 0 0 0 0 0 0 0 0 0 0 0 0  }
    07 { 0 0 0 0 0 0 0 0 0 0 0 0 0  }
    08 { 0 0 0 0 0 0 0 0 0 0 0 0 0  }
    09 { 0 0 0 0 0 0 0 0 0 0 0 0 0  }
    10 { 0 0 0 0 0 0 0 0 0 0 0 0 0  }
    11 { 0 0 0 0 0 0 0 0 0 0 0 0 0  }
  Level: 37 filas: 15
    00 { 0 0 0 0 0 0 0 0 0 0 0 0 0  }
    01 { 0 0 0 0 0 0 0 0 0 0 0 0 0  }
    02 { 0 0 0 0 0 0 0 0 0 0 0 0 0  }
    03 { 0 0 0 0 0 0 0 0 0 0 0 0 0  }
    04 { 0 0 0 0 0 0 0 0 0 0 0 0 0  }
    05 { 0 0 0 0 0 0 0 0 0 0 0 0 0  }
    06 { 0 0 0 0 0 0 0 0 0 0 0 0 0  }
    07 { 0 0 0 0 0 0 0 0 0 0 0 0 0  }
    08 { 0 0 0 0 0 0 0 0 0 0 0 0 0  }
    09 { 0 0 0 0 0 0 0 0 0 0 0 0 0  }
    10 { 0 0 0 0 0 0 0 0 0 0 0 0 0  }
    11 { 0 0 0 0 0 0 0 0 0 0 0 0 0  }
  Level: 38 filas: 15
    00 { 0 0 0 0 0 0 0 0 0 0 0 0 0  }
    01 { 0 0 0 0 0 0 0 0 0 0 0 0 0  }
    02 { 0 0 0 0 0 0 0 0 0 0 0 0 0  }
    03 { 0 0 0 0 0 0 0 0 0 0 0 0 0  }
    04 { 0 0 0 0 0 0 0 0 0 0 0 0 0  }
    05 { 0 0 0 0 0 0 0 0 0 0 0 0 0  }
    06 { 0 0 0 0 0 0 0 0 0 0 0 0 0  }
    07 { 0 0 0 0 0 0 0 0 0 0 0 0 0  }
    08 { 0 0 0 0 0 0 0 0 0 0 0 0 0  }
    09 { 0 0 0 0 0 0 0 0 0 0 0 0 0  }
    10 { 0 0 0 0 0 0 0 0 0 0 0 0 0  }
    11 { 0 0 0 0 0 0 0 0 0 0 0 0 0  }
  Level: 39 filas: 15
    00 { 0 0 0 0 0 0 0 0 0 0 0 0 0  }
    01 { 0 0 0 0 0 0 0 0 0 0 0 0 0  }
    02 { 0 0 0 0 0 0 0 0 0 0 0 0 0  }
    03 { 0 0 0 0 0 0 0 0 0 0 0 0 0  }
    04 { 0 0 0 0 0 0 0 0 0 0 0 0 0  }
    05 { 0 0 0 0 0 0 0 0 0 0 0 0 0  }
    06 { 0 0 0 0 0 0 0 0 0 0 0 0 0  }
    07 { 0 0 0 0 0 0 0 0 0 0 0 0 0  }
    08 { 0 0 0 0 0 0 0 0 0 0 0 0 0  }
    09 { 0 0 0 0 0 0 0 0 0 0 0 0 0  }
    10 { 0 0 0 0 0 0 0 0 0 0 0 0 0  }
    11 { 0 0 0 0 0 0 0 0 0 0 0 0 0  }
  Level: 40 filas: 15
    00 { 0 0 0 0 0 0 0 0 0 0 0 0 0  }
    01 { 0 0 0 0 0 0 0 0 0 0 0 0 0  }
    02 { 0 0 0 0 0 0 0 0 0 0 0 0 0  }
    03 { 0 0 0 0 0 0 0 0 0 0 0 0 0  }
    04 { 0 0 0 0 0 0 0 0 0 0 0 0 0  }
    05 { 0 0 0 0 0 0 0 0 0 0 0 0 0  }
    06 { 0 0 0 0 0 0 0 0 0 0 0 0 0  }
    07 { 0 0 0 0 0 0 0 0 0 0 0 0 0  }
    08 { 0 0 0 0 0 0 0 0 0 0 0 0 0  }
    09 { 0 0 0 0 0 0 0 0 0 0 0 0 0  }
    10 { 0 0 0 0 0 0 0 0 0 0 0 0 0  }
    11 { 0 0 0 0 0 0 0 0 0 0 0 0 0  }
  Level: 41 filas: 15
    00 { 0 0 0 0 0 0 0 0 0 0 0 0 0  }
    01 { 0 0 0 0 0 0 0 0 0 0 0 0 0  }
    02 { 0 0 0 0 0 0 0 0 0 0 0 0 0  }
    03 { 0 0 0 0 0 0 0 0 0 0 0 0 0  }
    04 { 0 0 0 0 0 0 0 0 0 0 0 0 0  }
    05 { 0 0 0 0 0 0 0 0 0 0 0 0 0  }
    06 { 0 0 0 0 0 0 0 0 0 0 0 0 0  }
    07 { 0 0 0 0 0 0 0 0 0 0 0 0 0  }
    08 { 0 0 0 0 0 0 0 0 0 0 0 0 0  }
    09 { 0 0 0 0 0 0 0 0 0 0 0 0 0  }
    10 { 0 0 0 0 0 0 0 0 0 0 0 0 0  }
    11 { 0 0 0 0 0 0 0 0 0 0 0 0 0  }
  Level: 42 filas: 15
    00 { 0 0 0 0 0 0 0 0 0 0 0 0 0  }
    01 { 0 0 0 0 0 0 0 0 0 0 0 0 0  }
    02 { 0 0 0 0 0 0 0 0 0 0 0 0 0  }
    03 { 0 0 0 0 0 0 0 0 0 0 0 0 0  }
    04 { 0 0 0 0 0 0 0 0 0 0 0 0 0  }
    05 { 0 0 0 0 0 0 0 0 0 0 0 0 0  }
    06 { 0 0 0 0 0 0 0 0 0 0 0 0 0  }
    07 { 0 0 0 0 0 0 0 0 0 0 0 0 0  }
    08 { 0 0 0 0 0 0 0 0 0 0 0 0 0  }
    09 { 0 0 0 0 0 0 0 0 0 0 0 0 0  }
    10 { 0 0 0 0 0 0 0 0 0 0 0 0 0  }
    11 { 0 0 0 0 0 0 0 0 0 0 0 0 0  }
  Level: 43 filas: 15
    00 { 0 0 0 0 0 0 0 0 0 0 0 0 0  }
    01 { 0 0 0 0 0 0 0 0 0 0 0 0 0  }
    02 { 0 0 0 0 0 0 0 0 0 0 0 0 0  }
    03 { 0 0 0 0 0 0 0 0 0 0 0 0 0  }
    04 { 0 0 0 0 0 0 0 0 0 0 0 0 0  }
    05 { 0 0 0 0 0 0 0 0 0 0 0 0 0  }
    06 { 0 0 0 0 0 0 0 0 0 0 0 0 0  }
    07 { 0 0 0 0 0 0 0 0 0 0 0 0 0  }
    08 { 0 0 0 0 0 0 0 0 0 0 0 0 0  }
    09 { 0 0 0 0 0 0 0 0 0 0 0 0 0  }
    10 { 0 0 0 0 0 0 0 0 0 0 0 0 0  }
    11 { 0 0 0 0 0 0 0 0 0 0 0 0 0  }
  Level: 44 filas: 15
    00 { 0 0 0 0 0 0 0 0 0 0 0 0 0  }
    01 { 0 0 0 0 0 0 0 0 0 0 0 0 0  }
    02 { 0 0 0 0 0 0 0 0 0 0 0 0 0  }
    03 { 0 0 0 0 0 0 0 0 0 0 0 0 0  }
    04 { 0 0 0 0 0 0 0 0 0 0 0 0 0  }
    05 { 0 0 0 0 0 0 0 0 0 0 0 0 0  }
    06 { 0 0 0 0 0 0 0 0 0 0 0 0 0  }
    07 { 0 0 0 0 0 0 0 0 0 0 0 0 0  }
    08 { 0 0 0 0 0 0 0 0 0 0 0 0 0  }
    09 { 0 0 0 0 0 0 0 0 0 0 0 0 0  }
    10 { 0 0 0 0 0 0 0 0 0 0 0 0 0  }
    11 { 0 0 0 0 0 0 0 0 0 0 0 0 0  }
  Level: 45 filas: 15
    00 { 0 0 0 0 0 0 0 0 0 0 0 0 0  }
    01 { 0 0 0 0 0 0 0 0 0 0 0 0 0  }
    02 { 0 0 0 0 0 0 0 0 0 0 0 0 0  }
    03 { 0 0 0 0 0 0 0 0 0 0 0 0 0  }
    04 { 0 0 0 0 0 0 0 0 0 0 0 0 0  }
    05 { 0 0 0 0 0 0 0 0 0 0 0 0 0  }
    06 { 0 0 0 0 0 0 0 0 0 0 0 0 0  }
    07 { 0 0 0 0 0 0 0 0 0 0 0 0 0  }
    08 { 0 0 0 0 0 0 0 0 0 0 0 0 0  }
    09 { 0 0 0 0 0 0 0 0 0 0 0 0 0  }
    10 { 0 0 0 0 0 0 0 0 0 0 0 0 0  }
    11 { 0 0 0 0 0 0 0 0 0 0 0 0 0  }
  Level: 46 filas: 15
    00 { 0 0 0 0 0 0 0 0 0 0 0 0 0  }
    01 { 0 0 0 0 0 0 0 0 0 0 0 0 0  }
    02 { 0 0 0 0 0 0 0 0 0 0 0 0 0  }
    03 { 0 0 0 0 0 0 0 0 0 0 0 0 0  }
    04 { 0 0 0 0 0 0 0 0 0 0 0 0 0  }
    05 { 0 0 0 0 0 0 0 0 0 0 0 0 0  }
    06 { 0 0 0 0 0 0 0 0 0 0 0 0 0  }
    07 { 0 0 0 0 0 0 0 0 0 0 0 0 0  }
    08 { 0 0 0 0 0 0 0 0 0 0 0 0 0  }
    09 { 0 0 0 0 0 0 0 0 0 0 0 0 0  }
    10 { 0 0 0 0 0 0 0 0 0 0 0 0 0  }
    11 { 0 0 0 0 0 0 0 0 0 0 0 0 0  }
  Level: 47 filas: 15
    00 { 0 0 0 0 0 0 0 0 0 0 0 0 0  }
    01 { 0 0 0 0 0 0 0 0 0 0 0 0 0  }
    02 { 0 0 0 0 0 0 0 0 0 0 0 0 0  }
    03 { 0 0 0 0 0 0 0 0 0 0 0 0 0  }
    04 { 0 0 0 0 0 0 0 0 0 0 0 0 0  }
    05 { 0 0 0 0 0 0 0 0 0 0 0 0 0  }
    06 { 0 0 0 0 0 0 0 0 0 0 0 0 0  }
    07 { 0 0 0 0 0 0 0 0 0 0 0 0 0  }
    08 { 0 0 0 0 0 0 0 0 0 0 0 0 0  }
    09 { 0 0 0 0 0 0 0 0 0 0 0 0 0  }
    10 { 0 0 0 0 0 0 0 0 0 0 0 0 0  }
    11 { 0 0 0 0 0 0 0 0 0 0 0 0 0  }
  Level: 48 filas: 15
    00 { 0 0 0 0 0 0 0 0 0 0 0 0 0  }
    01 { 0 0 0 0 0 0 0 0 0 0 0 0 0  }
    02 { 0 0 0 0 0 0 0 0 0 0 0 0 0  }
    03 { 0 0 0 0 0 0 0 0 0 0 0 0 0  }
    04 { 0 0 0 0 0 0 0 0 0 0 0 0 0  }
    05 { 0 0 0 0 0 0 0 0 0 0 0 0 0  }
    06 { 0 0 0 0 0 0 0 0 0 0 0 0 0  }
    07 { 0 0 0 0 0 0 0 0 0 0 0 0 0  }
    08 { 0 0 0 0 0 0 0 0 0 0 0 0 0  }
    09 { 0 0 0 0 0 0 0 0 0 0 0 0 0  }
    10 { 0 0 0 0 0 0 0 0 0 0 0 0 0  }
    11 { 0 0 0 0 0 0 0 0 0 0 0 0 0  }
  Level: 49 filas: 15
    00 { 0 0 0 0 0 0 0 0 0 0 0 0 0  }
    01 { 0 0 0 0 0 0 0 0 0 0 0 0 0  }
    02 { 0 0 0 0 0 0 0 0 0 0 0 0 0  }
    03 { 0 0 0 0 0 0 0 0 0 0 0 0 0  }
    04 { 0 0 0 0 0 0 0 0 0 0 0 0 0  }
    05 { 0 0 0 0 0 0 0 0 0 0 0 0 0  }
    06 { 0 0 0 0 0 0 0 0 0 0 0 0 0  }
    07 { 0 0 0 0 0 0 0 0 0 0 0 0 0  }
    08 { 0 0 0 0 0 0 0 0 0 0 0 0 0  }
    09 { 0 0 0 0 0 0 0 0 0 0 0 0 0  }
    10 { 0 0 0 0 0 0 0 0 0 0 0 0 0  }
    11 { 0 0 0 0 0 0 0 0 0 0 0 0 0  }
}